8.3101e+05
8.6677e+05
8.9475e+05
9.1755e+05
9.3853e+05
9.5868e+05
9.7817e+05
9.9703e+05
1.0153e+06
1.033e+06
1.0503e+06
1.0673e+06
1.0838e+06
1.1e+06
1.1157e+06
1.131e+06
1.1457e+06
1.1599e+06
1.1734e+06
1.1863e+06
1.1986e+06
1.2102e+06
1.2213e+06
1.2316e+06
1.2414e+06
1.2507e+06
1.2596e+06
1.2681e+06
1.2763e+06
1.291e+06
1.3054e+06
1.3266e+06
1.3411e+06
1.3558e+06
1.3707e+06
1.393e+06
1.4097e+06
1.4345e+06
1.4547e+06
1.4836e+06
1.5143e+06
1.5468e+06
1.5805e+06
1.6086e+06
1.6438e+06
1.6791e+06
1.7142e+06
1.7549e+06
1.7899e+06
1.8308e+06
1.8674e+06
1.9097e+06
1.9518e+06
1.9936e+06
2.0347e+06
2.0822e+06
2.1254e+06
2.1606e+06
2.187e+06
2.2147e+06
2.2388e+06
2.259e+06
2.2806e+06
2.2987e+06
2.3137e+06
2.3313e+06
2.349e+06
2.3668e+06
2.3817e+06
2.3994e+06
2.4168e+06
2.4337e+06
2.4502e+06
2.4665e+06
2.4825e+06
2.498e+06
2.5101e+06
2.5215e+06
2.5323e+06
2.5428e+06
2.5529e+06
2.5595e+06
2.5691e+06
2.5751e+06
2.5841e+06
2.5897e+06
2.5951e+06
2.6003e+06
2.6054e+06
2.6104e+06
2.6152e+06
2.6198e+06
2.6244e+06
2.6288e+06
2.6302e+06
2.6345e+06
2.6386e+06
2.6398e+06
2.6438e+06
2.6448e+06
2.6487e+06
2.6496e+06
2.6534e+06
2.6542e+06
2.6549e+06
2.6586e+06
2.6592e+06
2.6599e+06
2.6634e+06
2.6639e+06
2.6645e+06
2.665e+06
2.6684e+06
2.6688e+06
2.6692e+06
2.6696e+06
2.67e+06
2.6704e+06
2.6736e+06
2.6739e+06
2.6742e+06
2.6745e+06
2.6748e+06
2.675e+06
2.6753e+06
2.6755e+06
2.6757e+06
2.6788e+06
2.679e+06
2.6792e+06
2.6793e+06
2.6795e+06
2.6796e+06
2.6798e+06
2.6799e+06
2.6801e+06
2.6802e+06
2.6803e+06
2.6804e+06
2.6805e+06
2.6806e+06
2.6807e+06
2.6808e+06
2.6809e+06
2.6809e+06
2.681e+06
2.681e+06
2.6811e+06
2.6841e+06
2.6841e+06
2.6842e+06
2.6842e+06
2.6843e+06
2.6843e+06
2.6843e+06
2.6844e+06
2.6844e+06
2.6845e+06
2.6845e+06
2.6845e+06
2.6846e+06
2.6846e+06
2.6846e+06
2.6846e+06
2.6847e+06
2.6847e+06
2.6847e+06
2.6848e+06
2.6848e+06
2.6848e+06
2.6848e+06
2.6848e+06
2.6849e+06
2.6849e+06
2.6849e+06
2.6849e+06
2.6849e+06
2.685e+06
2.685e+06
2.685e+06
2.685e+06
2.685e+06
2.685e+06
2.6851e+06
2.6851e+06
2.6851e+06
2.6851e+06
2.6851e+06
2.6851e+06
2.6851e+06
2.6851e+06
2.6851e+06
2.6851e+06
2.6851e+06
2.6852e+06
2.6852e+06
2.6852e+06
2.6852e+06
2.6852e+06
2.6852e+06
