3720.8
3728.4
3720.9
3712.8
3702.9
3691.8
3679.7
3666.5
3652.5
3637.7
3622.9
3608.7
3598.6
3592.3
3588
3584.7
3582.1
3579.9
3578
3576.2
3574.6
3573
3571.5
3570.1
3568.6
3567.2
3565.8
3564.4
3563
3561.6
3560.2
3558.8
3557.4
3556.1
3554.8
3553.5
3552.3
3551.2
3550.2
3549.2
3548.4
3547.6
3546.9
3546.3
3545.7
3545.2
3544.7
3544.2
3543.8
3543.4
3543
3542.6
3542.2
3541.8
3541.4
3541
3540.6
3540.2
3539.8
3539.4
3538.9
3538.5
3538.1
3537.6
3537.1
3536.6
3536
3535.4
3534.8
3534.1
3533.3
3532.4
3531.5
3530.4
3529.2
3527.9
3526.4
3524.8
3523
3521.2
3519.4
3517.5
3515.5
3513.5
3511.5
3509.4
3507.3
3505.1
3502.7
3500.4
3498
3495.4
3492.6
3489.6
3486.5
3483.1
3479.5
3475.8
3471.9
3467.7
3463.2
3458.5
3453.3
3447.8
3441.8
3435.3
3428.6
3421.6
3414.6
3407.5
3400.3
3393.2
3386.3
3379.9
3373.9
3368.3
3363.1
3358.3
3353.8
3349.4
3345.3
3341.3
3337.4
3333.5
3329.7
3325.9
3322.2
3318.5
3314.9
3311.3
3307.8
3304.2
3300.6
3297
3293.3
3289.5
3285.6
3281.7
3277.8
3273.9
3270.1
3266.3
3262.6
3259
3255.5
3252.1
3248.8
3245.7
3242.6
3239.8
3237
3234.4
3231.9
3229.5
3227.3
3225.1
3223.1
3221
3219.1
3217.1
3215.1
3213.1
3211.1
3208.9
3206.7
3204.4
3202
3199.5
3196.9
3194.1
3191.1
3188
3184.7
3181.2
3177.5
3173.7
3169.8
3165.8
3161.8
3157.8
3153.8
3149.9
3146
3142.1
3138.3
3134.4
3130.5
3126.5
3122.5
3118.3
3114.1
3109.9
3105.6
3101.2
3096.9
3092.5
3088.1
3083.7
3079.3
3074.9
3070.5
3066.1
3061.7
3057.1
3052.5
3047.8
3043
3038.1
3033.1
3028
3022.8
3017.4
3011.9
3006.4
3001.1
2996
2991.3
2987
2983.1
2979.5
2976.4
2973.5
2970.8
2968.3
2966
2963.9
2961.8
2959.9
2958
2956.2
2954.4
2952.6
2950.8
2949.1
2947.3
2945.6
2943.9
2942.1
2940.4
2938.6
2936.8
2935.1
2933.3
2931.6
2929.8
2928
2926.2
2924.4
2922.5
2920.7
2918.8
2916.9
2914.9
2912.8
2910.7
2908.5
2906.2
2903.9
2901.4
2898.8
2896.2
2893.5
2890.8
2888
2885.2
2882.5
2879.7
2876.8
2874
2871.1
2868.2
2865.2
2862.2
2859.2
2856.2
2853.2
2850.3
2847.4
2844.6
2841.9
2839.4
2836.9
2834.6
2832.3
2830.1
2828
2825.9
2823.9
2821.8
2819.8
2817.7
2815.6
2813.5
2811.4
2809.3
2807.3
2805.2
2803.1
2801.1
2799.1
2797
2795
2792.9
2790.8
2788.7
2786.5
2784.3
2782
2779.7
2777.4
2775
2772.6
2770.2
2767.7
2765.1
2762.5
2759.8
2757
2754.1
2751.1
2747.9
2744.5
2740.8
2736.7
2732.1
2726
2720.1
2720.3
2720.3
2720.2
2720
2719.7
2719.4
2719
2718.5
2718
2717.4
2716.7
2715.9
2715
2713.9
2712.7
2711.4
2710
2708.5
2707.1
2705.6
2704.2
2702.8
2701.6
2700.4
2699.4
2698.4
2697.6
2696.8
2696
2695.3
2694.6
2694
2693.3
2692.7
2692.1
2691.6
2691
2690.4
2689.8
2689.1
2688.5
2687.8
2687.1
2686.5
2685.8
2685.1
2684.5
2683.7
2683
2682.2
2681.4
2680.6
2679.8
2678.9
2678.1
2677.4
2676.7
2676.1
2675.6
2675.2
2674.9
2674.6
2674.3
2673.9
2673.6
2673.2
2672.8
2672.5
2672
2671.6
2671.1
2670.6
2670.1
2669.5
2668.9
2668.4
2667.8
2667.2
2666.7
2666.1
2665.6
2665.1
2664.6
2664.1
2663.6
2663
2662.5
2662
2661.4
2660.8
2660.3
2659.7
2659.2
2658.7
2658.2
2657.8
2657.4
2657.1
2656.7
2656.4
2656.2
2655.9
2655.7
2655.4
2655.2
2654.9
2654.6
2654.2
2653.9
2653.6
2653.3
2653.1
2653
2652.9
2652.9
2652.8
2652.8
2652.7
2652.5
2652.1
2651.6
2650.8
2650
2649
2647.9
2646.9
2645.9
2644.9
2644.1
2643.4
2642.8
2642.2
2641.8
2641.4
2641
2640.6
2640.2
2639.8
2639.4
2638.9
2638.5
2638
2637.5
2637
2636.4
2635.8
2635.1
2634.4
2633.7
2633
2632.4
2631.8
2631.3
2630.9
2630.6
2630.4
2630.2
2630.1
2630
2629.8
2629.7
2629.5
2629.3
2629.1
2628.8
2628.5
2628.3
2628.1
2627.9
2627.7
2627.6
2627.4
2627.2
2626.9
2626.7
2626.4
2626
2625.7
2625.3
2624.9
2624.6
2624.3
2624.1
2624
2623.8
2623.7
2623.6
2623.5
2623.4
2623.3
2623.2
2623.1
2622.9
2622.7
2622.4
2622
2621.4
2620.7
2619.9
2619
2618.1
2617.2
2616.3
2615.5
2614.8
2614.2
2613.7
2613.3
2612.8
2612.3
2611.6
2610.9
2609.9
2608.9
2607.6
2606.2
2604.6
2602.8
2600.9
2598.9
2596.6
2594.3
2592
2589.7
2587.6
2585.4
2583.3
2581.1
2578.8
2576.3
2573.8
2571.3
2568.8
2566.4
2564.1
2561.9
2560.1
2558.7
2557.7
2557.1
2556.5
2555.8
2554.9
2553.9
2552.6
2551.2
2549.9
2548.8
2547.7
2546.6
2545.7
2544.8
2544
2543.3
2542.6
2541.9
2541
2540.1
2539
2538.1
2537.4
2537
2536.9
2537
2537
2537.1
2536.9
2536.7
2536.4
2536.1
2535.9
2535.6
2535.4
2535.3
2535.4
2535.7
2536.1
2536.5
2536.9
2537.2
2537.4
2537.5
2537.5
2537.3
2537
2536.5
2535.9
2535.2
2534.5
2533.8
2533.1
2532.3
2531.5
2530.7
2529.9
2529
2528.1
2527.2
2526.3
2525.4
2524.5
2523.6
2522.7
2521.9
2521.1
2520.3
2519.7
2519.1
2518.5
2518.1
2517.7
2517.4
2517.3
