155.06
172.72
303.04
382.37
482.15
576.18
639.09
709.61
770.78
843.59
904.85
1007.7
1100.5
1036
950.95
859.05
746.12
632.04
519.55
454.71
413.9
393.75
376.55
360.83
346.89
334.96
324.97
316.71
310.13
306.13
304.49
304.2
304.19
304.31
304.84
305.99
308.51
313.55
321.51
331.64
344.11
358.84
375.69
394.31
414.57
436.17
458.29
480.9
502.33
521.39
537.12
548.79
556.02
558.8
560.67
562.73
563.83
565.72
566.6
566.64
570.43
576.75
586.45
599.4
615.45
632.51
651.89
672.1
688.31
699.09
703.46
700.98
692.21
677.69
658.15
635
609.31
582.62
556.33
531.74
509.87
491.44
476.56
465.28
458.89
460.55
474.09
501.84
651.8
805.18
928.19
1021.6
1108.6
1189.2
1263.4
1331.3
1377.5
1488.7
1447.2
1397.9
1344.9
1292.8
1238
1180.7
1120.8
1179.4
1298.8
1414.1
1569.4
1656.7
1736
1829.8
1960.9
2034.2
2124.9
2102.9
2066.3
2013.9
1931.1
1934.5
1943.4
1943.1
1916.7
1907.5
1898.7
1892.4
1887.6
1883.1
1854.4
1821.1
1780.8
1730.8
1670.4
1600
1522.2
1440.9
1360
1283.5
1236.1
1194.9
1160.1
1132.4
1109.9
1094.7
1086.5
1084.4
1085.9
1090
1093.3
1094.6
1093.4
1090
1085.3
1080.3
1075.6
1071.4
1067.7
1064.2
1060.6
1056.9
1053.3
1049.3
1045.9
1043.4
1049.3
1056.3
1064.4
1073.1
1081.9
1090.7
1098.9
1105.8
1112.9
1121
1125.4
1132.1
1142.6
1155.4
1169.7
1183.8
1197.7
1210.3
1220.2
1226.5
1229.8
1229.8
1225.8
1218.9
1210.3
1201.3
1216.9
1218.6
1221.7
1225
1227.4
1230.8
1233.8
1236.7
1254.9
1273.6
1266.1
1257.2
1242.7
1225.9
1207.9
1188.7
1168.9
1149.6
1123.7
1092.5
1059.5
1036.1
1013.4
982.22
960.05
944.07
931.29
917.79
890.19
866.96
825.97
775.44
718.77
707.64
693.69
676.96
658.74
640.09
621.38
602.54
585.1
569.43
554.69
541.56
529.94
520.25
512.76
507.16
503.31
501.29
499.68
498.65
497.49
496
493.8
490.81
487.14
482.88
477.74
473.09
468.99
464.34
460.09
456.46
453.35
454.87
462.27
470.04
478.51
486.8
495.17
504.29
513.91
523.6
533.22
538.97
539.29
538.53
536.79
533.94
530.61
526.9
523.3
520.25
518.34
517.44
517.66
519.75
523.67
528.84
535.06
541.79
548.63
544.43
538.6
531.22
522.88
513
501.94
490.11
477.77
465.32
453
451.37
450.39
449.97
449.67
449.27
448.4
446.92
444.71
441.73
438
433.85
429.44
424.96
420.44
415.94
411.4
406.77
402.04
397.15
392.13
386.86
381.36
375.61
369.74
363.9
357.5
350.45
342.56
334.19
324.97
314.65
302.98
