1650
1650
1650
1650
1650
1650
1650
1650
1650
1650
1650
1650
1650
1650
1650
1650
1650
1650
1650
1650
1650
1650
1650
1650
1650
1650
1650
1650
1650
1660
1670
1690
1700
1710
1720
1740
1750
1770
1780
1800
1820
1840
1860
1870
1890
1910
1930
1960
1980
2010
2030
2060
2090
2120
2150
2200
2260
2320
2360
2410
2450
2480
2520
2550
2570
2600
2630
2660
2680
2710
2740
2770
2800
2830
2860
2890
2910
2930
2950
2970
2990
3000
3020
3030
3050
3060
3070
3080
3090
3100
3110
3120
3130
3140
3140
3150
3160
3160
3170
3170
3180
3180
3190
3190
3190
3200
3200
3200
3210
3210
3210
3210
3220
3220
3220
3220
3220
3220
3230
3230
3230
3230
3230
3230
3230
3230
3230
3240
3240
3240
3240
3240
3240
3240
3240
3240
3240
3240
3240
3240
3240
3240
3240
3240
3240
3240
3240
3240
3250
3250
3250
3250
3250
3250
3250
3250
3250
3250
3250
3250
3250
3250
3250
3250
3250
3250
3250
3250
3250
3250
3250
3250
3250
3250
3250
3250
3250
3250
3250
3250
3250
3250
3250
3250
3250
3250
3250
3250
3250
3250
3250
3250
3250
3250
3250
3250
3250
3250
3250
3250
